   6500870034343434 00000040151121  635733000000000000200                                                  
   6500870034343434 00000041151121  945736000000000000300                                                  
   6500870034343434 00000042151121  632182000000000000400                                                  
   6500870034343434 00000043151121  964651000000000000500                                                  
   6500870034343434 00000044151121  220450000000000000600                                                  
   6500870034343434 00000045151121  804132000000000000700                                                  
   6500870034343434 00000046151121  387791000000000000800                                                  
   6502720012121212 00000032151121  773941000000000000300                                                  
   6502720012121212 00000033151121  866767000000000000400                                                  
   6502720012121212 00000034151121  228444000000000000500                                                  
   6502720012121212 00000035151121  542255000000000000600                                                  
   6502720012121212 00000036151121  685248000000000000700                                                  
   6502720012121212 00000037151121  762295000000000000800                                                  
0DC1511210008080003       0005004333374913000000000006800 4105                                             
