H2021111715463100912                                                                                                                                                                    
D000043333749101120009736500870034343434   02202021111610373000000015032000000000200011996390001111                         00050       000220211116000000000000                        
D000043333749101120009736502720012121212   02202021111610334400000014032000000000100017519210001111                         00050       000220211116000000000000                        
D000043333749101120009736500870034343434   02202021111610461000000022032000000000100010947270001111                         00050       000320211116000000000000                        
D000043333749101120009736500870034343434   02202021111610473400000023032000000000200014955500001111                         00050       000320211116000000000000                        
D000043333749101120009736500870034343434   02202021111610482000000024032000000000300010573540001111                         00050       000320211116000000000000                        
D000043333749101120009736500870034343434   02202021111610491400000025032000000000400016260370001111                         00050       000320211116000000000000                        
D000043333749101120009736500870034343434   02202021111610495600000026032000000000500017990400001111                         00050       000320211116000000000000                        
D000043333749101120009736500870034343434   02202021111610553400000027032000000000600019126780001111                         00050       000320211116000000000000                        
D000043333749101120009736502720012121212   02202021111610393800000016032000000000100016152550001111                         00050       000320211116000000000000                        
D000043333749101120009736502720012121212   02202021111610402600000017032000000000200014847580001111                         00050       000320211116000000000000                        
D000043333749101120009736502720012121212   02202021111610421600000019032000000000400016630130001111                         00050       000320211116000000000000                        
D000043333749101120009736502720012121212   02202021111610431600000020032000000000500016035800001111                         00050       000320211116000000000000                        
T0000433337491011200097300000012000000003600000000000000000000000000000000000000000000000000000000000000                                             
G00000012000000003600000000000000000000000000000000000000000000000000000000000000                                                                    
