   4576673112011994 00001191310521  563180000000000055000                                                  
0DC0106210677260041       0005000311320601000000000055000 4101                                             
   6042186010227068 00000125310521  352627000000000243028                                                  
0DC0106210071190012       0005000412590201000000000243028 4101                                             
   4576673111389649 00000493310521  263292000000000068000                                                  
0DC0106210177700007       0005001263747601000000000068000 4101                                             
   4484590213228767 00000301310521  008352000000000084000                                                  
   4484590213228825 00000302310521  009511000000000084000                                                  
   4484598003033958 00000303310521  005551000000000069000                                                  
0DC0106212590300013       0005002358528403000000000237000 4101                                             
  M4865720000076157 00000429280921  004971000000200000074                                                  
0DC3105210675400117       0005002484033201000000200000074 4101  0024840332                                 
  M4865720000169184 00000427280921  006278000000219072291                                                  
0DC3105210675400117       0005002484033201000000219072291 4101  0024840332                                 
  M4865720000226505 00000428280921  004432000000013858903                                                  
0DC3105210675400117       0005002484033201000000013858903 4101  0024840332                                 
  M4865720000252410 00000430280921  004564000000065046973                                                  
0DC3105210675400117       0005002484033201000000065046973 4101  0024840332                                 
   5896570038250765 00000140310521  358358000000000247500                                                  
0DC0106210341100038       0005002693514801000000000247500 4101                                             
   6042500053178824 00000138310521  90415200000000035840006                                                
0DC0106210341100038       0005002693514801000000000358400C4101                                             
   4576673111299525 00001698310521  220710000000001290086                                                  
0DC0106210178620308       0005002829269601000000001290086 4101                                             
   4984350003263523 00001050310521  012058000000000130400                                                  
   4984350003389930 00001025300521  013050000000000063000                                                  
0DC0106215112860037       0005003042183802000000000193400 4101                                             
   5896570095772776 00000030310521  297212000000000025000                                                  
0DC0106211910200009       0005003297778701000000000025000 4101                                             
  M4984340001879099 000001503105217 004365000000001362679                                                  
0DC0106211914390163       0005003884628301000000001362679 4800 E                                           
   6043686010337188 00000007310521  426424000000000060628                                                  
   6043686010488098 00000005310521  391684000000000400000                                                  
   6043686014188652 00000006310521  877143000000000100000                                                  
0DC0106210725220004       0005004663549603000000000560628 4101                                             
  M4808753121038871 000000133105217 172392000000000470000                                                  
0DC0106210172590005       0005004795386401000000000470000 4510 E                                           
  M5896570017183516 000000133105217 40204000000000126500012                    7                           
0DC0106210178020003       0005004812362401000000001265000C4800 E                                           
   5896570018778223 00000128310521  79065800000000040000003                    7                           
0DC0106211911350018       0005004873848801000000000400000C4101                                             
   6042466210322368 00000001300521  180784000000000100000                                                  
   6042466210322368 00000002300521  591318000000000032300                                                  
0DC0106213150010001       0005004963938802000000000132300 4101                                             
  M6042070002754638 000000763105217 18234700000000347818909                                                
0DC0106210176810017       0005006064405101000000003478189C4800 E                                           
  M4484410081051144 000000603105217 004105000000000643707                                                  
0DC0106210174640027       0005007060441801000000000643707 4510 E                                           
  M6042020008202769 000000033105217 19357800000000042400003                                                
0DC0106210720880003       0005007076870001000000000424000C4800 E                                           
  M4742090000141644 000008903105217 004509000000000097475                                                  
  M4742090000141644 000008923105217 012903000000000144950                                                  
  M4742090000141644 000008933105217 004212000000000239800                                                  
  M4742090000141644 000008953105217 005026000000000174950                                                  
  M4742090000141644 000008983105217 005029000000000612475                                                  
0DC0106210150930013       0005007133165605000000001269650 4800 E                                           
